0.000000000000000000e+00 0.000000000000000000e+00 0.000000000000000000e+00
6.666666999999999732e-02 0.000000000000000000e+00 0.000000000000000000e+00
1.333332999999999879e-01 0.000000000000000000e+00 0.000000000000000000e+00
2.000000000000000111e-01 0.000000000000000000e+00 0.000000000000000000e+00
2.666666999999999788e-01 0.000000000000000000e+00 0.000000000000000000e+00
3.333332999999999990e-01 0.000000000000000000e+00 0.000000000000000000e+00
4.000000000000000222e-01 0.000000000000000000e+00 0.000000000000000000e+00
4.666666999999999899e-01 0.000000000000000000e+00 0.000000000000000000e+00
6.666666999999999732e-02 6.666666999999999732e-02 0.000000000000000000e+00
1.333332999999999879e-01 6.666666999999999732e-02 0.000000000000000000e+00
2.000000000000000111e-01 6.666666999999999732e-02 0.000000000000000000e+00
2.666666999999999788e-01 6.666666999999999732e-02 0.000000000000000000e+00
3.333332999999999990e-01 6.666666999999999732e-02 0.000000000000000000e+00
4.000000000000000222e-01 6.666666999999999732e-02 0.000000000000000000e+00
4.666666999999999899e-01 6.666666999999999732e-02 0.000000000000000000e+00
-4.666666999999999899e-01 6.666666999999999732e-02 0.000000000000000000e+00
-4.000000000000000222e-01 6.666666999999999732e-02 0.000000000000000000e+00
-3.333332999999999990e-01 6.666666999999999732e-02 0.000000000000000000e+00
-2.666666999999999788e-01 6.666666999999999732e-02 0.000000000000000000e+00
-2.000000000000000111e-01 6.666666999999999732e-02 0.000000000000000000e+00
-1.333332999999999879e-01 6.666666999999999732e-02 0.000000000000000000e+00
-6.666666999999999732e-02 6.666666999999999732e-02 0.000000000000000000e+00
1.333332999999999879e-01 1.333332999999999879e-01 0.000000000000000000e+00
2.000000000000000111e-01 1.333332999999999879e-01 0.000000000000000000e+00
2.666666999999999788e-01 1.333332999999999879e-01 0.000000000000000000e+00
3.333332999999999990e-01 1.333332999999999879e-01 0.000000000000000000e+00
4.000000000000000222e-01 1.333332999999999879e-01 0.000000000000000000e+00
4.666666999999999899e-01 1.333332999999999879e-01 0.000000000000000000e+00
-4.666666999999999899e-01 1.333332999999999879e-01 0.000000000000000000e+00
-4.000000000000000222e-01 1.333332999999999879e-01 0.000000000000000000e+00
-3.333332999999999990e-01 1.333332999999999879e-01 0.000000000000000000e+00
-2.666666999999999788e-01 1.333332999999999879e-01 0.000000000000000000e+00
-2.000000000000000111e-01 1.333332999999999879e-01 0.000000000000000000e+00
-1.333332999999999879e-01 1.333332999999999879e-01 0.000000000000000000e+00
2.000000000000000111e-01 2.000000000000000111e-01 0.000000000000000000e+00
2.666666999999999788e-01 2.000000000000000111e-01 0.000000000000000000e+00
3.333332999999999990e-01 2.000000000000000111e-01 0.000000000000000000e+00
4.000000000000000222e-01 2.000000000000000111e-01 0.000000000000000000e+00
4.666666999999999899e-01 2.000000000000000111e-01 0.000000000000000000e+00
-4.666666999999999899e-01 2.000000000000000111e-01 0.000000000000000000e+00
-4.000000000000000222e-01 2.000000000000000111e-01 0.000000000000000000e+00
-3.333332999999999990e-01 2.000000000000000111e-01 0.000000000000000000e+00
-2.666666999999999788e-01 2.000000000000000111e-01 0.000000000000000000e+00
-2.000000000000000111e-01 2.000000000000000111e-01 0.000000000000000000e+00
2.666666999999999788e-01 2.666666999999999788e-01 0.000000000000000000e+00
3.333332999999999990e-01 2.666666999999999788e-01 0.000000000000000000e+00
4.000000000000000222e-01 2.666666999999999788e-01 0.000000000000000000e+00
4.666666999999999899e-01 2.666666999999999788e-01 0.000000000000000000e+00
-4.666666999999999899e-01 2.666666999999999788e-01 0.000000000000000000e+00
-4.000000000000000222e-01 2.666666999999999788e-01 0.000000000000000000e+00
-3.333332999999999990e-01 2.666666999999999788e-01 0.000000000000000000e+00
-2.666666999999999788e-01 2.666666999999999788e-01 0.000000000000000000e+00
3.333332999999999990e-01 3.333332999999999990e-01 0.000000000000000000e+00
4.000000000000000222e-01 3.333332999999999990e-01 0.000000000000000000e+00
4.666666999999999899e-01 3.333332999999999990e-01 0.000000000000000000e+00
-4.666666999999999899e-01 3.333332999999999990e-01 0.000000000000000000e+00
-4.000000000000000222e-01 3.333332999999999990e-01 0.000000000000000000e+00
-3.333332999999999990e-01 3.333332999999999990e-01 0.000000000000000000e+00
4.000000000000000222e-01 4.000000000000000222e-01 0.000000000000000000e+00
4.666666999999999899e-01 4.000000000000000222e-01 0.000000000000000000e+00
-4.666666999999999899e-01 4.000000000000000222e-01 0.000000000000000000e+00
-4.000000000000000222e-01 4.000000000000000222e-01 0.000000000000000000e+00
4.666666999999999899e-01 4.666666999999999899e-01 0.000000000000000000e+00
-4.666666999999999899e-01 4.666666999999999899e-01 0.000000000000000000e+00
2.000000000000000111e-01 1.333332999999999879e-01 6.666666999999999732e-02
2.666666999999999788e-01 1.333332999999999879e-01 6.666666999999999732e-02
3.333332999999999990e-01 1.333332999999999879e-01 6.666666999999999732e-02
4.000000000000000222e-01 1.333332999999999879e-01 6.666666999999999732e-02
4.666666999999999899e-01 1.333332999999999879e-01 6.666666999999999732e-02
-4.666666999999999899e-01 1.333332999999999879e-01 6.666666999999999732e-02
2.666666999999999788e-01 2.000000000000000111e-01 6.666666999999999732e-02
3.333332999999999990e-01 2.000000000000000111e-01 6.666666999999999732e-02
4.000000000000000222e-01 2.000000000000000111e-01 6.666666999999999732e-02
4.666666999999999899e-01 2.000000000000000111e-01 6.666666999999999732e-02
-4.666666999999999899e-01 2.000000000000000111e-01 6.666666999999999732e-02
-4.000000000000000222e-01 2.000000000000000111e-01 6.666666999999999732e-02
-3.333332999999999990e-01 2.000000000000000111e-01 6.666666999999999732e-02
-2.666666999999999788e-01 2.000000000000000111e-01 6.666666999999999732e-02
-2.000000000000000111e-01 2.000000000000000111e-01 6.666666999999999732e-02
-1.333332999999999879e-01 2.000000000000000111e-01 6.666666999999999732e-02
3.333332999999999990e-01 2.666666999999999788e-01 6.666666999999999732e-02
4.000000000000000222e-01 2.666666999999999788e-01 6.666666999999999732e-02
4.666666999999999899e-01 2.666666999999999788e-01 6.666666999999999732e-02
-4.666666999999999899e-01 2.666666999999999788e-01 6.666666999999999732e-02
-4.000000000000000222e-01 2.666666999999999788e-01 6.666666999999999732e-02
-3.333332999999999990e-01 2.666666999999999788e-01 6.666666999999999732e-02
-2.666666999999999788e-01 2.666666999999999788e-01 6.666666999999999732e-02
-2.000000000000000111e-01 2.666666999999999788e-01 6.666666999999999732e-02
4.000000000000000222e-01 3.333332999999999990e-01 6.666666999999999732e-02
4.666666999999999899e-01 3.333332999999999990e-01 6.666666999999999732e-02
-4.666666999999999899e-01 3.333332999999999990e-01 6.666666999999999732e-02
-4.000000000000000222e-01 3.333332999999999990e-01 6.666666999999999732e-02
-3.333332999999999990e-01 3.333332999999999990e-01 6.666666999999999732e-02
-2.666666999999999788e-01 3.333332999999999990e-01 6.666666999999999732e-02
4.666666999999999899e-01 4.000000000000000222e-01 6.666666999999999732e-02
-4.666666999999999899e-01 4.000000000000000222e-01 6.666666999999999732e-02
-4.000000000000000222e-01 4.000000000000000222e-01 6.666666999999999732e-02
-3.333332999999999990e-01 4.000000000000000222e-01 6.666666999999999732e-02
-4.666666999999999899e-01 4.666666999999999899e-01 6.666666999999999732e-02
-4.000000000000000222e-01 4.666666999999999899e-01 6.666666999999999732e-02
4.000000000000000222e-01 2.666666999999999788e-01 1.333332999999999879e-01
4.666666999999999899e-01 2.666666999999999788e-01 1.333332999999999879e-01
-4.666666999999999899e-01 2.666666999999999788e-01 1.333332999999999879e-01
-4.000000000000000222e-01 2.666666999999999788e-01 1.333332999999999879e-01
4.666666999999999899e-01 3.333332999999999990e-01 1.333332999999999879e-01
-4.666666999999999899e-01 3.333332999999999990e-01 1.333332999999999879e-01
-4.000000000000000222e-01 3.333332999999999990e-01 1.333332999999999879e-01
-3.333332999999999990e-01 3.333332999999999990e-01 1.333332999999999879e-01
-2.666666999999999788e-01 3.333332999999999990e-01 1.333332999999999879e-01
-2.000000000000000111e-01 3.333332999999999990e-01 1.333332999999999879e-01
-4.666666999999999899e-01 4.000000000000000222e-01 1.333332999999999879e-01
-4.000000000000000222e-01 4.000000000000000222e-01 1.333332999999999879e-01
-3.333332999999999990e-01 4.000000000000000222e-01 1.333332999999999879e-01
-2.666666999999999788e-01 4.000000000000000222e-01 1.333332999999999879e-01
-4.000000000000000222e-01 4.666666999999999899e-01 1.333332999999999879e-01
-3.333332999999999990e-01 4.666666999999999899e-01 1.333332999999999879e-01
-4.000000000000000222e-01 4.000000000000000222e-01 2.000000000000000111e-01
-3.333332999999999990e-01 4.000000000000000222e-01 2.000000000000000111e-01
-3.333332999999999990e-01 4.666666999999999899e-01 2.000000000000000111e-01
-2.666666999999999788e-01 4.666666999999999899e-01 2.000000000000000111e-01
