1
6
12
3
4
6
24
12
12
6
12
12
24
12
3
4
24
12
24
6
12
24
12
12
12
12
24
24
12
12
12
6
24
24
24
24
3
4
12
24
12
24
24
12
12
12
12
12
24
24
12
12
12
6
24
24
12
24
24
12
24
12
24
24
12
12
24
24
24
24
3
4
24
6
24
12
12
24
12
12
12
24
24
24
24
12
12
12
24
24
12
12
12
24
24
12
12
24
24
24
24
24
6
24
24
24
24
12
24
12
12
12
12
24
12
24
24
24
24
12
12
24
12
12
24
24
24
4
3
24
24
12
12
12
24
24
24
24
24
12
12
12
6
24
12
24
24
12
12
24
24
24
24
24
12
24
12
12
12
24
24
24
24
24
24
24
24
24
12
24
24
24
24
12
12
24
12
12
24
24
12
12
12
12
24
6
24
24
24
24
24
24
12
12
12
24
24
24
24
24
24
24
12
24
12
12
3
4
12
24
24
24
24
24
24
12
12
24
24
24
12
24
12
12
24
12
24
24
24
24
24
24
24
24
12
24
12
6
24
24
24
24
24
24
12
12
12
24
24
24
24
24
24
24
12
12
12
24
12
12
24
24
24
24
24
12
24
24
12
12
12
24
24
24
12
24
12
24
12
24
24
24
12
12
24
24
24
24
24
12
24
12
24
24
24
24
12
6
12
24
24
24
12
24
24
24
24
24
24
24
4
3
24
12
24
24
24
24
24
24
24
24
12
12
24
12
24
12
24
24
12
12
24
24
24
12
